0
0.150602
0.086
0.0768721
0.0727363
0.0706869
0.0731219
0.0744863
0.0797408
0.0809365
0.0829984
0.084595
0.0880425
0.0924258
0.0942649
0.0960469
0.0972222
0.0999042
0.101693
0.103543
0.106033
0.108065
0.110556
0.113129
0.116574
0.118543
0.119977
0.122377
0.124501
0.125176
0.127061
0.12855
0.13149
0.133039
0.133636
0.135147
0.136643
0.138101
0.139624
0.141168
0.142685
0.143595
0.145492
0.146371
0.150089
0.15173
0.152977
0.154615
0.156644
0.157328
0.157852
0.15943
0.160634
0.162113
0.163224
0.165315
0.166175
0.167449
0.168205
0.169158
0.17038
0.171986
0.173407
0.174658
0.17621
0.177199
0.178317
0.17895
0.180086
0.181685
0.182782
0.183947
0.185114
0.186071
0.187011
0.188298
0.188909
0.189831
0.190543
0.191377
0.192992
0.193901
0.194442
0.195452
0.196213
0.197261
0.19886
0.199596
0.199845
0.200957
0.202474
0.203789
0.204712
0.206176
0.207055
0.207782
0.208284
0.209696
0.210113
0.210591
0.211514
0.212653
0.213284
0.213933
0.214684
0.215783
0.216766
0.21779
0.218456
0.219106
0.22008
0.220843
0.221437
0.222544
0.223094
0.223671
0.224539
0.225062
0.225925
0.226764
0.227525
0.22828
0.228993
0.230106
0.230878
0.231543
0.232585
0.233549
0.234118
0.235001
0.235574
0.235979
0.236701
0.237122
0.237942
0.238252
0.238749
0.239309
0.239789
0.240122
0.240849
0.241184
0.241712
0.242197
0.243009
0.24339
0.243703
0.244334
0.244702
0.245165
0.245758
0.246434
0.246839
0.247124
0.24775
0.248298
0.248621
0.249296
0.249622
0.250096
0.250719
0.251262
0.251817
0.252299
0.252512
0.252865
0.253173
0.25395
0.254221
0.254772
0.255602
0.255868
0.256521
0.256948
0.257379
0.25809
0.25818
0.258481
0.25854
0.258837
0.259519
0.259794
0.260243
0.260562
0.260788
0.261437
0.261707
0.262225
0.262496
0.262906
0.26351
0.264051
0.264292
0.264924
0.265371
0.265887
0.266362
0.266586
0.266691
0.267311
0.267767
0.267968
0.268219
0.268643
0.269126
0.269665
0.270252
0.270444
0.270941
0.271363
0.271779
0.272409
0.27257
0.273113
0.273451
0.273884
0.274286
0.274584
0.274673
0.275056
0.275233
0.275384
0.275652
0.276222
0.276525
0.276975
0.277395
0.277718
0.278066
0.278523
0.279062
0.279324
0.279618
0.279942
0.280483
0.280601
0.281119
0.281487
0.281735
0.28226
0.28265
0.282924
0.283187
0.283362
0.283558
0.283741
0.284205
0.284356
0.284671
0.284957
0.285153
0.285579
0.285993
0.286206
0.286579
0.286978
0.28719
0.287377
0.28767
0.287994
0.288208
0.288538
0.288748
0.289122
0.28958
0.289744
0.290096
0.290286
0.290663
0.291161
0.291436
0.291759
0.292008
0.292313
0.292545
0.292846
0.293145
0.293402
0.293696
0.29386
0.294109
0.294457
0.294642
0.294905
0.295219
0.295502
0.295813
0.296108
0.296286
0.296431
0.296733
0.296945
0.297186
0.297541
0.297837
0.298023
0.298309
0.29862
0.298837
0.29906
0.299401
