0
0.422311
0.254
0.21328
0.194543
0.188702
0.192346
0.196796
0.199147
0.200221
0.20422
0.20698
0.206195
0.206822
0.210091
0.212066
0.214306
0.218279
0.22177
0.227834
0.230695
0.233701
0.235912
0.238116
0.240916
0.242797
0.244882
0.24716
0.248877
0.252069
0.254819
0.257975
0.260038
0.261081
0.262232
0.265121
0.266583
0.269281
0.270971
0.271655
0.273453
0.275075
0.2774
0.27873
0.27949
0.281842
0.283008
0.284173
0.285731
0.286992
0.28911
0.290406
0.292014
0.293174
0.294874
0.296644
0.298993
0.299009
0.299393
0.300108
0.301325
0.302925
0.303914
0.305116
0.306272
0.307676
0.309136
0.31102
0.311347
0.312477
0.313479
0.314309
0.315438
0.316631
0.317609
0.318636
0.319761
0.320742
0.321719
0.321793
0.322485
0.323641
0.324431
0.324886
0.325506
0.326381
0.327485
0.32892
0.329839
0.331035
0.331997
0.332813
0.3329
0.333374
0.333576
0.333724
0.334902
0.335633
0.336429
0.336971
0.337705
0.338177
0.338806
0.339751
0.340616
0.341507
0.341915
0.342259
0.342675
0.343427
0.343744
0.344384
0.345577
0.346077
0.346298
0.347035
0.347747
0.348203
0.348477
0.349236
0.349837
0.350461
0.350742
0.351741
0.352591
0.353109
0.353882
0.35445
0.354985
0.35555
0.356107
0.35652
0.357138
0.357553
0.358201
0.358812
0.359292
0.359829
0.360086
0.360732
0.361434
0.361932
0.362525
0.362656
0.363022
0.363653
0.364154
0.36462
0.365128
0.365925
0.3667
0.366933
0.367551
0.368135
0.368714
0.369341
0.370001
0.370483
0.371099
0.371349
0.37214
0.372693
0.373391
0.373968
0.374394
0.374874
0.375459
0.375938
0.376558
0.377304
0.377751
0.378182
0.378614
0.378951
0.379361
0.379663
0.380147
0.380621
0.380539
0.380952
0.381474
0.381872
0.38202
0.382191
0.382664
0.382946
0.383282
0.383641
0.384015
0.384566
0.384873
0.385248
0.385732
0.385928
0.385893
0.386509
0.386822
0.387239
0.387828
0.388032
0.388418
0.388555
0.389028
0.389518
0.389847
0.390196
0.390505
0.390844
0.391341
0.391652
0.391756
0.392151
0.392434
0.392606
0.393112
0.393664
0.394054
0.394451
0.394789
0.395182
0.395658
0.395778
0.395861
0.396338
0.396982
0.397432
0.397595
0.3979
0.398064
0.398447
0.398549
0.39894
0.399171
0.399606
0.399872
0.400123
0.40019
0.400413
0.400634
0.400717
0.400901
0.401252
0.401366
0.40155
0.401918
0.402068
0.402359
0.402482
0.4028
0.402994
0.403249
0.403531
0.403781
0.40402
0.404378
0.404708
0.404922
0.40532
0.405421
0.405797
0.406171
0.406266
0.406591
0.407018
0.407061
0.407297
0.40746
0.407525
0.407804
0.408204
0.408615
0.40897
0.409302
0.409614
0.40995
0.410245
0.4104
0.410575
0.410683
0.410785
0.410989
0.411415
0.411664
0.411938
0.412249
0.412347
0.412748
0.412911
0.41318
0.413475
0.413663
0.41397
0.414398
0.414732
0.414978
0.415026
0.415434
0.415721
0.415922
0.416028
0.416238
