0.790503
0.795745
0.795122
0.809964
0.817123
0.815482
0.819624
0.820266
0.819317
0.821724
0.805384
0.793427
0.786795
0.782016
0.770639
0.76384
0.757305
0.752269
0.747386
0.746136
0.738149
0.728157
0.720207
0.715114
0.706393
0.701572
0.696034
0.690973
0.685303
0.68123
0.672056
0.66611
0.658429
0.651415
0.645087
0.640664
0.634538
0.629528
0.625334
0.620502
0.614217
0.606816
0.602054
0.596083
0.591304
0.586341
0.5821
0.577667
0.57337
0.569781
0.564471
0.559529
0.554948
0.550144
0.546131
0.542216
0.539212
0.536044
0.532455
0.529479
0.526486
0.522639
0.518856
0.515024
0.511965
0.510296
0.507593
0.505667
0.502523
0.499786
0.497045
0.494858
0.493183
0.490621
0.488607
0.486927
0.484898
0.483054
0.48148
0.479671
0.478477
0.47697
0.47563
0.474527
0.473697
0.472248
0.471471
0.470001
0.468781
0.467732
0.467836
0.467348
0.467523
0.4672
0.467188
0.467224
0.467183
0.46749
0.46728
0.467071
0.466902
0.467327
0.466989
0.466404
0.465651
0.465589
0.465617
0.465327
0.464913
0.464845
0.464705
0.464534
0.464667
0.46427
0.46399
0.4636
0.463286
0.463325
0.463375
0.462915
0.462782
0.462508
0.462297
0.462275
0.462228
0.462257
0.462475
0.462444
0.462303
0.462105
0.46221
0.462135
0.462098
0.461899
0.462021
0.462167
0.461982
0.46171
0.461876
0.461747
0.462043
0.461683
0.461403
0.461522
0.461415
0.461532
0.461271
0.461479
0.461282
0.461314
0.4617
0.46137
0.461605
0.461392
0.461409
0.461111
0.460806
0.460774
0.460422
0.460285
0.460033
0.459947
0.460006
0.459958
0.459746
0.459658
0.459279
0.459338
0.459282
0.459378
0.459457
0.459078
0.458712
0.458537
0.458694
0.458553
0.458429
0.458518
0.458507
0.458609
0.458617
0.458508
0.458308
0.458046
0.458009
0.458154
0.4578
0.45769
0.457782
0.457527
0.457224
0.457102
0.457375
0.457335
0.457438
0.457648
0.457754
0.457915
0.457808
0.458076
0.458097
0.457797
0.457853
0.457927
0.45787
0.45785
0.457802
0.457658
0.4576
0.457459
0.457273
0.457296
0.457561
0.457588
0.457727
0.457757
0.457585
0.457658
0.457713
0.457799
0.457667
0.457716
0.457781
0.457834
0.457758
0.457942
0.457809
0.457891
0.457996
0.45791
0.457966
0.457857
0.457915
0.458104
0.458058
0.458034
0.458012
0.457913
0.45782
0.457978
0.457662
0.457768
0.458007
0.458075
0.458071
0.458031
0.458183
0.458184
0.458172
0.458196
0.458216
0.45831
0.458295
0.458358
0.458354
0.458383
0.458359
0.4583
0.458243
0.458266
0.458407
0.458457
0.458395
0.458354
0.45824
0.458451
0.458469
0.458418
0.458218
0.458078
0.458136
0.458263
0.458358
0.458553
0.458673
0.458728
0.45859
0.458453
0.458668
0.458659
0.458493
0.458444
0.458499
0.458507
0.458455
0.458577
0.458428
0.458511
0.458415
0.458298
