0
0.238683
0.269311
0.299656
0.314739
0.329856
0.347695
0.35743
0.365786
0.377337
0.382842
0.39205
0.394686
0.396916
0.398667
0.402684
0.405614
0.407069
0.409565
0.410106
0.412167
0.41482
0.417798
0.418819
0.420344
0.422973
0.425734
0.42599
0.42852
0.430068
0.432213
0.433228
0.436093
0.436209
0.438332
0.439583
0.441906
0.442483
0.443903
0.445291
0.446111
0.44638
0.447723
0.449005
0.449555
0.44957
0.44992
0.450733
0.45092
0.45232
0.453325
0.453587
0.454858
0.456831
0.457629
0.459001
0.460317
0.46137
0.461502
0.462503
0.463323
0.46483
0.46595
0.466337
0.467203
0.46844
0.469384
0.469309
0.469477
0.469645
0.470741
0.47139
0.471637
0.471982
0.473036
0.473396
0.47411
0.474685
0.475224
0.475851
0.476674
0.477499
0.47824
0.478502
0.479398
0.480355
0.480616
0.481409
0.481874
0.482184
0.482521
0.483297
0.483688
0.48382
0.484518
0.484851
0.48509
0.485616
0.486328
0.486437
0.48651
0.487425
0.487864
0.4882
0.488805
0.489054
0.48949
0.489794
0.490005
0.490244
0.490731
0.490942
0.491135
0.492001
0.492373
0.493089
0.493517
0.493528
0.493782
0.494247
0.494858
0.495291
0.495149
0.495472
0.495859
0.496054
0.496224
0.496197
0.496619
0.496901
0.496946
0.497091
0.496783
0.497132
0.497271
0.497539
0.498131
0.498378
0.4988
0.499112
0.499118
0.499392
0.499846
0.500031
0.500263
0.500442
0.500449
0.500893
0.500926
0.501624
0.50205
0.502318
0.50238
0.502566
0.503089
0.503456
0.503323
0.503359
0.503745
0.504007
0.504139
0.504651
0.504624
0.504749
0.504872
0.504879
0.50538
0.505769
0.506296
0.506439
0.506636
0.507033
0.507239
0.507119
0.507173
0.507459
0.507501
0.507979
0.508249
0.508395
0.508662
0.508929
0.509156
0.509337
0.509287
0.509417
0.509711
0.509792
0.510156
0.51021
0.510333
0.510612
0.510901
0.511184
0.511452
0.511615
0.511795
0.511962
0.512112
0.512611
0.512836
0.513258
0.513289
0.513518
0.513782
0.513753
0.514062
0.514185
0.514304
0.51467
0.514848
0.514852
0.51507
0.515258
0.515248
0.515527
0.515663
0.515814
0.515914
0.516103
0.516262
0.516281
0.516368
0.51637
0.516645
0.516736
0.516699
0.516915
0.517036
0.517247
0.517404
0.517418
0.517384
0.517571
0.517556
0.517529
0.517653
0.517646
0.518024
0.518213
0.518278
0.518318
0.518567
0.518476
0.518527
0.518703
0.518718
0.518751
0.518937
0.519147
0.519071
0.519129
0.519265
0.51943
0.519481
0.519629
0.519781
0.519982
0.52008
0.520149
0.520344
0.520373
0.520417
0.520507
0.520532
0.520529
0.52053
0.520676
0.52083
0.520914
0.520954
0.521057
0.521149
0.521244
0.521331
0.521402
0.521679
0.521694
0.5221
0.522186
0.522353
0.522394
0.522435
0.522458
0.522429
0.522392
0.522429
0.522475
0.522527
0.522666
0.52279
0.522942
0.522949
0.523011
0.52311
0.523222
0.523409
0.523442
0.523528
0.523639
0.523884
