0
0.036965
0.059501
0.0873786
0.108993
0.126794
0.14338
0.156232
0.165217
0.178128
0.184594
0.188932
0.194908
0.198176
0.201631
0.206501
0.214103
0.218576
0.224078
0.229366
0.233782
0.238161
0.241756
0.246071
0.250461
0.253217
0.257094
0.260833
0.263258
0.264966
0.267792
0.270452
0.273834
0.27649
0.27892
0.281348
0.283916
0.28607
0.288651
0.290307
0.292773
0.293156
0.29574
0.297064
0.298329
0.300101
0.302478
0.303964
0.305715
0.306907
0.309114
0.311811
0.313222
0.314145
0.316568
0.317363
0.318742
0.319352
0.321359
0.322228
0.323852
0.326089
0.327581
0.328853
0.330274
0.331683
0.332632
0.334191
0.335421
0.336927
0.337901
0.338566
0.339805
0.341107
0.341855
0.34311
0.3438
0.344821
0.345558
0.346116
0.347505
0.348073
0.349269
0.350066
0.351057
0.352042
0.352455
0.353569
0.354504
0.355242
0.355904
0.356452
0.356925
0.357825
0.358457
0.359452
0.359769
0.360595
0.36121
0.361602
0.362399
0.363424
0.364022
0.364856
0.365335
0.366169
0.36671
0.367338
0.368088
0.368773
0.369053
0.36925
0.370053
0.370688
0.370632
0.371393
0.371795
0.372241
0.372787
0.373236
0.373486
0.373893
0.374271
0.374577
0.374971
0.375808
0.376452
0.376917
0.377557
0.377775
0.378231
0.378919
0.379382
0.380089
0.380233
0.38048
0.380897
0.381617
0.381743
0.381887
0.382021
0.382314
0.382515
0.382846
0.3834
0.383663
0.384154
0.38444
0.384833
0.384902
0.385339
0.385391
0.385478
0.385956
0.386289
0.386557
0.386768
0.38732
0.387813
0.388179
0.388799
0.389391
0.390003
0.390324
0.390593
0.390822
0.391105
0.391286
0.391832
0.392077
0.39243
0.392862
0.393251
0.393632
0.393853
0.394015
0.394406
0.394872
0.395231
0.395823
0.3961
0.396629
0.397195
0.397599
0.397778
0.397866
0.398036
0.398179
0.398497
0.3988
0.399164
0.399357
0.399467
0.399732
0.40003
0.400209
0.400407
0.400502
0.400485
0.400574
0.400621
0.400696
0.400877
0.401146
0.401266
0.401414
0.401844
0.402242
0.402476
0.402576
0.402777
0.402931
0.403196
0.403283
0.403782
0.404048
0.404417
0.404646
0.40461
0.404952
0.405437
0.40575
0.405974
0.406227
0.406506
0.406667
0.406939
0.40725
0.40749
0.407602
0.407707
0.407755
0.408149
0.408342
0.408544
0.408712
0.408952
0.409088
0.409247
0.409453
0.409778
0.409902
0.410098
0.41031
0.410418
0.410539
0.410545
0.410587
0.410758
0.411081
0.411044
0.411139
0.411314
0.411561
0.41161
0.411675
0.411921
0.41189
0.412032
0.412069
0.412191
0.41245
0.412727
0.412836
0.412937
0.412965
0.413059
0.413382
0.413707
0.413903
0.413959
0.414115
0.414326
0.414565
0.414817
0.414895
0.415144
0.415373
0.415537
0.415777
0.416013
0.416143
0.416366
0.416448
0.416644
0.416828
0.417056
0.417124
0.417168
0.417188
0.417276
0.417522
0.417748
0.417846
0.418065
0.41834
0.41831
0.418459
0.418664
0.418769
0.418865
