0.8
0.806061
0.815737
0.810749
0.801205
0.802538
0.797997
0.80123
0.80123
0.803982
0.787552
0.778849
0.76981
0.764205
0.757303
0.750905
0.747023
0.740288
0.73435
0.730839
0.719641
0.708351
0.700804
0.69321
0.687872
0.682286
0.677212
0.672954
0.669177
0.664141
0.657338
0.65115
0.644082
0.637278
0.630288
0.62566
0.620715
0.615787
0.612425
0.606622
0.601321
0.596631
0.590877
0.585841
0.581036
0.57686
0.57206
0.568025
0.564739
0.561137
0.556586
0.553132
0.549616
0.544739
0.54106
0.538106
0.53371
0.530791
0.527129
0.523311
0.519852
0.516032
0.512259
0.50982
0.506654
0.503755
0.501032
0.498784
0.495645
0.492815
0.490245
0.488133
0.486063
0.484554
0.48304
0.481006
0.479258
0.477751
0.475894
0.474768
0.47418
0.473125
0.47213
0.471482
0.470397
0.469768
0.468714
0.46772
0.466312
0.465525
0.465652
0.465685
0.465317
0.465234
0.465092
0.464716
0.464788
0.464721
0.46461
0.464791
0.464349
0.464439
0.464732
0.464543
0.464419
0.464756
0.464549
0.464002
0.464226
0.464184
0.464391
0.464159
0.463599
0.464033
0.464019
0.463977
0.463997
0.463727
0.463595
0.463506
0.463445
0.463086
0.462976
0.462831
0.462728
0.462548
0.462738
0.462841
0.462835
0.462602
0.462422
0.462339
0.461981
0.462029
0.462236
0.462356
0.462419
0.462047
0.461854
0.461725
0.461825
0.461639
0.4618
0.461816
0.46162
0.461526
0.461281
0.461192
0.460985
0.460556
0.460586
0.460623
0.460784
0.460875
0.460798
0.460888
0.461072
0.461278
0.461177
0.461255
0.4612
0.461069
0.461059
0.46164
0.461749
0.461537
0.461412
0.461063
0.461095
0.461009
0.461196
0.460856
0.460754
0.460796
0.4609
0.461226
0.461246
0.461488
0.461306
0.461541
0.461527
0.46121
0.461239
0.461158
0.461181
0.461262
0.461435
0.461145
0.461091
0.461123
0.461099
0.461136
0.461129
0.461197
0.46134
0.461271
0.461184
0.461298
0.461166
0.461021
0.460687
0.460689
0.460854
0.460716
0.460819
0.460858
0.461015
0.461004
0.460925
0.461083
0.461045
0.460784
0.460872
0.460921
0.460787
0.460805
0.460731
0.460678
0.460599
0.460507
0.460303
0.460487
0.460558
0.460623
0.460432
0.460279
0.460473
0.460508
0.460704
0.460716
0.460921
0.46106
0.461066
0.461112
0.461007
0.46113
0.461237
0.461063
0.461009
0.460922
0.460827
0.461038
0.46138
0.461183
0.461042
0.460976
0.461089
0.4609
0.461051
0.461113
0.461189
0.461212
0.461118
0.461119
0.46118
0.461352
0.461487
0.461421
0.461342
0.461419
0.461635
0.461538
0.461562
0.461588
0.461559
0.461611
0.461498
0.461549
0.461595
0.461549
0.461635
0.461681
0.461712
0.461674
0.461825
0.461823
0.462042
0.462278
0.462434
0.46221
0.46208
0.462229
0.462284
0.462289
0.462409
0.462508
0.462625
0.462572
0.462609
0.462667
