0
0.0612245
0.029703
0.0282609
0.0267112
0.025641
0.0249716
0.0234146
0.020339
0.0181818
0.0168464
0.015625
0.0179919
0.0166846
0.0157681
0.015392
0.0149864
0.0141997
0.0143091
0.0144193
0.0142216
0.0139635
0.0140748
0.0138477
0.013363
0.0134928
0.0130101
0.0130942
0.0131651
0.0130181
0.0131038
0.0126866
0.0123308
0.0122123
0.0123598
0.0123291
0.0122592
0.0123273
0.0120357
0.0117695
0.011739
0.0118493
0.0116235
0.011907
0.0116703
0.0116196
0.0117194
0.0116618
0.011741
0.012362
0.0124616
0.0122183
0.0124611
0.0122699
