0
0.679348
0.364611
0.266788
0.203435
0.17086
0.145189
0.127088
0.11619
0.107631
0.104379
0.103531
0.101902
0.100388
0.098207
0.0958107
0.0943678
0.0942521
0.0929279
0.0918635
0.0896748
0.0889093
0.0891176
0.0883272
0.0881868
0.0871071
0.0871359
0.0879259
0.0879336
0.0872675
0.0881536
0.0872316
0.086765
0.0876068
0.0879098
0.0875912
0.088305
0.0894717
0.0906863
0.0907414
0.090991
0.0903816
0.0912842
0.0913997
0.0913907
0.0919727
0.0917944
0.0921753
0.0927835
0.0939435
0.0947368
0.0954942
0.0963924
0.0965479
0.0968677
0.0968136
0.0973298
0.0982272
0.098847
0.0994904
0.100163
0.101053
0.101829
0.101502
0.10295
0.103597
0.104258
0.104618
0.105064
0.105604
0.105908
0.106091
0.106731
0.108128
0.108806
0.108753
0.109326
0.109556
0.10986
0.110078
0.110326
0.110654
0.110701
0.11159
0.111935
0.111966
0.112874
0.113111
0.113415
0.114351
0.114561
0.115352
0.115198
0.115465
0.116535
0.116886
0.116755
0.117076
0.117656
0.117824
0.118215
