0
0.738579
0.476433
0.355263
0.309034
0.27581
0.247414
0.232525
0.221527
0.213274
0.207746
0.204378
0.201934
0.199017
0.199305
0.197548
0.19514
0.194178
0.193236
0.192722
0.192977
0.193646
0.192577
0.192182
0.190789
0.190647
0.189578
0.190624
0.189927
0.190282
0.188923
0.188677
0.189227
0.188266
0.189581
0.189887
0.190754
0.19005
0.19002
0.190212
0.190396
0.190601
0.190261
0.190261
0.190847
0.190644
0.192341
0.191932
0.192875
0.193249
0.194264
0.194229
0.19448
0.19473
0.194809
0.194853
0.195818
0.196026
0.196117
0.196285
0.197096
0.197887
0.198482
0.198862
0.200245
0.200219
0.200637
0.200954
0.20165
0.201575
0.20247
0.202992
0.203683
0.203732
0.204241
0.204465
0.204745
0.205681
0.205722
0.205774
0.20707
0.207234
0.207528
0.208401
0.208972
0.209016
0.209352
0.209757
0.210321
0.210533
0.210968
0.210964
0.211148
0.211294
0.212028
0.212484
0.212499
0.21291
0.213206
0.212904
0.213622
