0.79798
0.800989
0.809216
0.809002
0.806657
0.8125
0.814426
0.814529
0.811602
0.813547
0.799682
0.788017
0.776225
0.767661
0.759038
0.750972
0.744662
0.738287
0.735688
0.72974
0.719633
0.709242
0.7005
0.693649
0.687763
0.682121
0.67891
0.674431
0.669034
0.664155
0.657476
0.652215
0.647095
0.640366
0.633991
0.629743
0.624049
0.617777
0.612647
0.607773
0.600656
0.594781
0.589241
0.58313
0.578016
0.573278
0.568557
0.563402
0.559239
0.554089
0.548801
0.543623
0.539207
0.534427
0.529291
0.525099
0.520472
0.515737
0.511304
0.507581
0.502822
0.498845
0.494956
0.491646
0.487848
0.484236
0.480756
0.477387
0.47377
0.470347
0.467347
0.464261
0.461707
0.458813
0.455978
0.453959
0.451264
0.448686
0.44629
0.444351
0.442305
0.440223
0.438507
0.436815
0.435382
0.433502
0.432102
0.430328
0.428579
0.427108
