0
0.735751
0.734015
0.730903
0.727503
0.720766
0.720439
0.717391
0.705994
0.700836
0.696375
0.696539
0.692516
0.692044
0.692715
0.691079
0.689335
0.689655
0.69029
0.689056
0.689861
0.688276
0.692643
0.695067
0.696322
0.695163
0.695652
0.696455
0.69586
0.695581
0.696497
0.695307
0.692834
0.692083
0.693293
0.692568
0.694067
0.692191
0.692593
0.692461
0.692675
0.690947
0.690715
0.690563
0.690507
0.689787
0.690457
0.689204
0.688828
0.689207
0.688546
0.687933
0.687456
0.687727
0.686873
0.687627
0.686936
0.687353
0.687243
0.686969
0.686828
0.687461
0.687083
0.687224
0.685849
0.685447
0.686118
0.686171
0.686035
0.687226
0.687784
0.688596
0.689163
0.688183
0.688374
0.688365
0.688391
0.688891
0.689391
0.689444
0.689526
0.689128
0.68787
0.687448
0.687787
0.687165
0.685447
0.684684
0.683933
0.684233
0.684052
0.684103
0.684144
0.68461
0.685089
0.684791
0.68531
0.685133
0.684411
0.684318
0.683685
