0
0.71179
0.713969
0.704718
0.711425
0.703527
0.693117
0.699097
0.693431
0.693723
0.696721
0.698087
0.701035
0.701154
0.700353
0.701945
0.701767
0.697169
0.697251
0.69448
0.695758
0.692195
0.693447
0.694429
0.693998
0.694249
0.69221
0.692818
0.694087
0.695218
0.695799
0.69549
0.696684
0.696843
0.696773
0.697757
0.696817
0.696463
0.696016
0.696237
0.697164
0.696245
0.694549
0.69443
0.694123
0.694062
0.693933
0.693352
0.692095
0.691323
0.691065
0.691116
0.689853
0.688356
0.688342
0.686553
0.687088
0.688627
0.688471
0.688126
0.688361
0.687197
0.686474
0.686419
0.685326
0.684717
0.684887
0.68531
0.685611
0.686458
0.68567
0.686838
0.686134
0.684665
0.685239
0.684919
0.685717
0.685551
0.685836
0.686157
0.685579
0.685295
0.684465
0.684758
0.684357
0.683541
0.683033
0.683357
0.683085
0.68252
0.68198
0.682315
0.682004
0.681327
0.680515
0.680229
0.679889
0.679925
0.679881
0.679723
0.679123
